GOOGL
Price            Close        High         Low        Open     Volume
Ticker           GOOGL       GOOGL       GOOGL       GOOGL      GOOGL
Date                                                                 
2025-01-02  188.691010  191.250991  186.768546  189.906251   20370800
2025-01-03  191.041779  192.456252  189.238842  190.623419   18596200
2025-01-06  196.101990  197.446729  193.093782  193.223264   29563600
2025-01-07  194.727386  200.215886  193.840859  196.341062   26487200
2025-01-08  193.193375  195.524242  191.629507  191.818769   24864800
2025-01-10  191.290802  195.753335  189.567555  193.541995   26665200
2025-01-13  190.264832  190.434167  186.629077  189.328511   21823700
2025-01-14  188.920105  191.231046  187.575365  190.493943   17174900
2025-01-15  194.787125  195.593962  191.111518  192.336715   21776000
2025-01-16  192.157440  194.717406  192.057824  193.382638   17815400
2025-01-17  195.235367  196.460564  192.994144  195.763298   27735100
2025-01-21  197.277374  201.500824  197.098069  198.293399   29971300
2025-01-22  197.596115  199.697884  196.759396  198.283426   26200600
2025-01-23  197.207642  199.518598  194.438488  197.367021   26951400
2025-01-24  199.428955  200.116251  197.227570  197.327186   23877500
2025-01-27  191.061722  196.111950  189.985933  191.659387   41728900
2025-01-28  194.538116  194.717407  189.936129  191.998061   24157900
2025-01-29  194.647675  196.022281  192.675388  194.797083   18218300
2025-01-30  200.086380  200.614311  196.898867  197.227581   24354700
2025-01-31  203.224106  204.678402  201.012765  201.211982   32001100
2025-02-03  200.444962  202.955135  199.319380  199.907075   27838300
2025-02-04  205.574890  206.242275  202.018810  202.596549   43856400
2025-02-05  190.583588  191.998046  187.296459  190.324607   70373900
2025-02-06  190.852524  191.350573  187.983755  188.760710   29297400
2025-02-07  184.616959  190.434172  182.525160  190.304690   49315000
2025-02-10  185.742569  187.465816  185.134948  186.619141   23105600
2025-02-11  184.597031  186.210706  183.561079  184.308153   21239500
2025-02-12  182.893707  184.387856  181.120653  182.505229   22072600
2025-02-13  185.413834  185.553287  182.425537  183.600942   21402500
2025-02-14  184.507385  185.672819  183.600947  184.338050   20448400
2025-02-18  183.053085  185.234544  181.031006  184.875948   29916700
2025-02-19  184.547226  184.736487  182.873772  183.351910   19549400
2025-02-20  183.839996  184.587070  182.007178  184.079066   20441500
2025-02-21  178.959122  184.616956  178.381383  184.427695   35199200
2025-02-24  178.550720  182.405618  178.192124  181.280037   29854200
2025-02-25  174.735657  178.042712  174.008509  177.345431   41913400
2025-02-26  172.056137  175.393074  170.910630  174.387020   35431300
2025-02-27  167.842651  173.879008  167.284838  173.311239   39991000
2025-02-28  169.615707  169.944422  166.119406  168.021943   48130600
2025-03-03  166.358444  172.693633  165.282656  171.259248   40770500
2025-03-04  170.253189  172.613938  165.153169  165.591454   45388000
2025-03-05  172.345016  173.102046  168.400459  169.854770   30954900
2025-03-06  171.677643  174.128037  169.834854  169.864736   28302000
2025-03-07  173.181747  174.287418  169.605756  170.591884   27385800
2025-03-10  165.413193  167.996072  163.239204  167.796610   43604000
2025-03-11  163.588226  166.290770  160.925581  164.455841   39587400
2025-03-12  166.649780  167.178319  163.079638  166.121241   28372400
2025-03-13  162.311752  165.672482  161.663549  165.582718   31756200
2025-03-14  165.034241  166.031487  162.002604  162.820353   31995900
2025-03-17  163.837540  165.842014  163.219252  164.575507   31184300
2025-03-18  160.227524  163.797667  156.288405  163.229229   42074800
2025-03-19  163.438644  165.413187  160.556604  161.314506   34275600
2025-03-20  162.351654  164.435895  160.516725  161.125046   28138500
2025-03-21  163.538376  163.787687  160.446907  160.766033   36625800
2025-03-24  167.218201  167.856453  164.685203  166.609895   30879100
2025-03-25  170.090286  170.160101  167.856465  168.514636   24174400
2025-03-26  164.605438  169.142911  164.386043  168.534590   28901600
2025-03-27  161.793213  164.964448  161.553868  164.176630   24508300
2025-03-28  153.904968  161.374346  153.206899  160.048007   48669300
2025-03-31  154.214127  155.111642  150.245092  152.688341   54603500
2025-04-01  156.637451  157.664613  153.196940  153.196940   30672900
2025-04-02  156.607498  157.973735  154.273946  154.722704   25041700
2025-04-03  150.304916  152.359241  149.975823  150.693842   46883400
2025-04-04  145.199020  150.653957  144.979625  147.602372   62259500
2025-04-07  146.345856  152.429063  140.142984  141.160179   76794100
2025-04-08  144.301498  151.820742  142.636099  150.803547   52200200
2025-04-09  158.272934  159.110617  143.513689  144.022279   70406200
2025-04-10  152.399139  157.285639  149.517084  156.108880   48022000
2025-04-11  156.707230  157.235769  152.399135  152.478901   33636200
2025-04-14  158.631927  161.274623  157.126076  159.559359   30333000
2025-04-15  155.879532  159.210330  154.782570  158.691773   27551500
2025-04-16  152.907745  155.460693  151.092750  152.678383   28187400
2025-04-17  150.743713  154.254008  148.091035  153.865083   33046600
2025-04-21  147.263306  148.539779  145.697637  148.469980   26049100
2025-04-22  151.052872  151.770890  148.130933  148.479975   26971800
2025-04-23  154.922180  157.096169  153.386413  155.181459   31128800
2025-04-24  158.841354  159.150498  155.360960  155.719969   45894000
2025-04-25  161.513977  165.642575  160.596497  164.615413   56034000
2025-04-28  160.167694  162.700692  158.163235  161.982674   29745800
2025-04-29  159.718933  160.297338  157.086204  159.878496   26809000
2025-04-30  158.362671  158.831378  154.972025  157.544922   34981100
2025-05-01  160.855789  161.503993  158.472372  160.008124   30203200
2025-05-02  163.578262  164.515676  161.424207  162.959975   25715000
2025-05-05  163.757782  164.934525  162.271880  162.551108   21341800
2025-05-06  162.780472  164.346155  160.746097  161.723393   21277200
2025-05-07  150.963120  164.545607  147.432860  163.628142  127490100
2025-05-08  153.855118  155.500568  152.478913  154.573136   57498700
2025-05-09  152.329330  154.622999  151.780842  153.745418   32435300
2025-05-12  158.023621  158.661857  155.819700  157.056291   44138800
2025-05-13  159.090668  160.127812  155.729953  158.352700   42382100
2025-05-14  164.914581  166.540097  159.170449  159.519492   48755900
2025-05-15  163.508469  165.752272  161.922836  165.383281   33146700
2025-05-16  165.732315  168.883616  165.163878  167.268067   42846900
2025-05-19  166.081345  166.181075  163.767742  164.056936   30426100
2025-05-20  163.528397  168.035953  162.451369  165.971646   46607700
2025-05-21  168.095795  172.663183  163.109564  163.239211   73416000
2025-05-22  170.399414  176.283174  170.239866  171.376726   74864400
2025-05-23  168.006042  169.491945  167.427638  168.594414   35211400
2025-05-27  172.423843  172.693104  169.531836  169.691399   37995700
2025-05-28  171.885330  174.787320  171.436573  172.683130   34784000
2025-05-29  171.386703  173.939651  170.160095  173.520809   29317300
2025-05-30  171.267029  171.735736  166.978868  170.878103   52639900
2025-06-02  168.564484  169.402167  166.929001  167.377759   38612300
2025-06-03  165.722336  168.016005  164.824820  167.028741   45084900
2025-06-04  167.587204  167.756734  165.901856  166.280814   26900800
2025-06-05  167.746750  170.459245  167.128447  169.870873   36379100
2025-06-06  173.201691  174.019440  170.359548  170.359548   35731800
2025-06-09  175.817642  176.197059  174.100301  174.270037   28935900
2025-06-10  178.323776  180.829889  174.639481  175.927479   61766100
2025-06-11  177.075699  180.091017  176.476621  179.491954   31646800
2025-06-12  175.428253  176.446680  174.479726  175.907507   20941900
2025-06-13  174.399841  176.856043  172.123369  172.173295   27663100
2025-06-16  176.496597  176.666333  174.379866  174.459744   27389200
2025-06-17  175.677856  177.085679  174.309980  175.428243   24973000
2025-06-18  173.051941  176.286920  172.932116  175.737768   28707500
2025-06-20  166.382263  174.070351  165.204096  173.680955   75659900
2025-06-23  164.934509  167.081178  161.749441  166.012841   57671000
2025-06-24  166.512070  167.959824  165.873060  166.661832   40524300
2025-06-25  170.416016  172.093425  167.290867  167.370745   35479000
2025-06-26  173.271576  173.421353  169.677153  172.163292   31796700
2025-06-27  178.253876  178.403638  171.464390  173.271588  108140200
2025-06-30  175.957428  180.949695  174.309986  180.500394   63378900
2025-07-01  175.568024  175.817637  173.261599  175.468187   35904500
2025-07-02  178.363693  178.583354  174.799223  175.268482   29128900
2025-07-03  179.252319  179.392102  176.776159  178.223914   21689700
2025-07-07  176.516556  179.022683  175.408272  178.783049   34175600
2025-07-08  174.090317  177.674760  172.542711  177.574924   40442500
2025-07-09  176.346817  179.162463  172.502781  174.978941   43025600
2025-07-10  177.345276  178.154021  174.110297  175.358363   29252400
2025-07-11  179.911316  181.149388  176.207047  176.516565   34282900
2025-07-14  181.279175  183.385912  179.402078  180.730022   32536600
2025-07-15  181.718506  183.935073  181.319131  182.527251   33448300
2025-07-16  182.687012  184.044909  181.748463  182.956598   33104200
2025-07-17  183.296051  183.775304  180.200840  181.858276   31992600
2025-07-18  184.773758  186.131655  183.425855  185.113228   34014500
2025-07-21  189.805969  189.995663  185.862067  185.961918   45803100
2025-07-22  191.044052  191.353570  187.170064  191.203808   44660200
2025-07-23  189.935776  192.232221  188.887397  191.203816   58681900
2025-07-24  191.872772  197.643831  190.704584  196.725256   74881700
2025-07-25  192.881210  194.029441  190.964182  191.683069   39785900
2025-07-28  192.282135  193.749863  190.544821  193.350472   38139500
2025-07-29  195.447235  195.616970  191.782913  192.132363   41389200
2025-07-30  196.226028  197.294381  194.388878  195.297474   32445400
2025-07-31  191.603180  195.686865  190.794435  195.407300   51329200
2025-08-01  188.837479  190.534846  187.529507  188.737627   34832200
2025-08-04  194.738327  194.967982  189.825939  189.995674   31547400
2025-08-05  194.368912  197.553980  193.590119  194.408858   31602300
2025-08-06  195.786697  196.325871  193.370442  194.199160   21562900
2025-08-07  196.216049  197.234461  194.029434  196.755207   26321800
2025-08-08  201.108459  202.296621  196.865033  196.914959   39161800
2025-08-11  200.689117  201.168371  198.762110  200.629213   25832400
2025-08-12  203.025497  204.183707  200.279751  201.058543   30397900
2025-08-13  201.647644  204.213661  197.204514  203.814286   28342900
2025-08-14  202.626114  204.123794  200.918752  201.188339   25230400
2025-08-15  203.584625  206.120705  200.968682  203.534715   34931400
2025-08-18  203.185257  204.952524  202.176825  203.884171   18526600
2025-08-19  201.258240  203.125343  199.650729  202.715973   24240200
2025-08-20  199.011719  200.968679  196.295925  200.419526   28955500
2025-08-21  199.441040  202.166813  199.121528  199.441040   19774600
2025-08-22  205.771240  208.217448  200.988656  202.416436   42827000
2025-08-25  208.167526  210.194385  204.962485  206.110700   29928900
2025-08-26  206.819611  207.528519  205.381835  207.189033   28464100
2025-08-27  207.159088  208.586884  205.331917  205.381842   23022900
2025-08-28  211.312653  211.891757  206.579979  206.929443   32339300
2025-08-29  212.580688  214.317987  209.874873  210.184391   39728400
2025-09-02  211.023117  211.352593  205.881073  208.117614   47523000
2025-09-03  230.303238  230.952226  224.442307  225.860124  103336100
2025-09-04  231.940704  232.010588  225.760276  229.294794   51684200
2025-09-05  234.636536  235.395355  231.541324  231.840863   46588900
2025-09-08  233.887009  237.974347  233.517255  235.316082   32474700
2025-09-09  239.473358  240.312805  233.077533  234.016921   38061000
2025-09-10  239.013657  241.502034  237.694527  238.743829   35141100
2025-09-11  240.212875  242.091651  236.095573  239.723205   30599300
2025-09-12  240.642593  241.921755  237.844421  240.212867   26771600
2025-09-15  251.445526  252.245006  244.500072  244.500072   58383800
2025-09-16  250.995819  252.874580  249.306921  251.915216   34109700
2025-09-17  249.366882  251.435536  246.119007  251.055780   34108000
2025-09-18  251.865250  253.823975  249.636712  251.515472   31239500
2025-09-19  254.553497  255.832659  251.645396  253.084457   55571400
2025-09-22  252.364929  255.612805  250.136391  254.263681   32290500
2025-09-23  251.495499  254.193731  250.316262  252.874586   26628000
2025-09-24  246.978455  252.185056  246.278915  251.495504   28201000
2025-09-25  245.629318  246.328873  240.582632  244.240228   31020400
2025-09-26  246.378830  249.256952  245.809210  246.908498   18503200
2025-09-29  243.890472  250.985822  242.611310  247.687991   32505800
2025-09-30  242.941101  243.130964  239.093612  242.651282   34724300
2025-10-01  244.739914  246.139008  238.454032  240.592633   31658200
2025-10-02  245.529404  246.648667  242.141620  244.989748   25483300
2025-10-03  245.189621  246.138997  241.502031  244.330183   30249600
2025-10-06  250.266296  251.155729  244.420129  244.619996   28894700
2025-10-07  245.599350  250.276299  245.359517  248.107719   23181300
2025-10-08  244.460098  245.849189  243.660633  244.799888   21307100
2025-10-09  241.372116  244.600000  238.993667  244.310197   27892100
2025-10-10  236.415359  243.930433  235.685826  241.272168   33180300
2025-10-13  243.990402  244.340180  239.553317  240.052990   24995000
2025-10-14  245.289551  246.958457  240.352778  241.072308   22111600
2025-10-15  250.865906  251.945202  245.829207  247.088378   27007700
2025-10-16  251.295624  256.792013  249.936512  251.605419   27997200
2025-10-17  253.134430  254.053827  247.648013  250.596082   29671600
2025-10-20  256.382294  257.161783  254.063818  254.523524   22350200
2025-10-21  250.296280  254.713389  243.990392  254.573481   47312100
2025-10-22  251.525482  256.192412  249.127042  254.203723   35029400
2025-10-23  252.914566  254.873276  251.685374  252.814625   19901400
2025-10-24  259.750122  261.508951  255.153123  256.412278   28655100
2025-10-27  269.093964  269.963421  264.107235  264.646891   35235200
2025-10-28  267.295166  270.553045  266.325799  269.513716   29738600
2025-10-29  274.390533  275.160019  267.495050  267.574984   43580300
2025-10-30  281.296021  291.399397  279.876935  291.399397   74876000
2025-10-31  281.006195  285.813048  276.848911  283.024864   39267900
2025-11-03  283.534546  285.343360  279.617095  281.995544   29786000
2025-11-04  277.358582  281.086124  276.079419  276.569089   30078400
2025-11-05  284.124146  286.232782  277.158701  278.687699   31010300
2025-11-06  284.563873  288.161526  280.956248  285.143481   37173600
2025-11-07  278.647705  283.594481  275.010101  283.024847   34479600
2025-11-10  289.910370  290.609894  282.675082  284.234090   29557300
2025-11-11  291.119568  291.729185  287.132186  287.561897   19842100
2025-11-12  286.522583  291.819137  283.504568  291.489336   24829900
2025-11-13  278.387909  282.655107  277.058761  282.155434   29494000
2025-11-14  276.229309  278.377897  270.523050  271.232578   31647200
2025-11-17  284.833679  293.757865  283.384645  285.593192   52670200
2025-11-18  284.094177  288.611212  278.018165  287.731813   49158700
2025-11-19  292.618591  303.611401  286.442638  286.972291   68198900
2025-11-20  289.260803  306.219711  288.481314  304.340935   62025200
2025-11-21  299.464111  303.721336  293.657912  296.226239   74137700
2025-11-24  318.371735  319.271171  309.397624  310.926623   85165100
2025-11-25  323.228577  328.615037  317.442353  325.996755   88632100
2025-11-26  319.740875  324.287889  316.582937  320.470379   51373400
2025-11-28  319.970703  326.636357  316.582935  323.158620   26018600
2025-12-01  314.684174  319.640923  313.684827  317.492334   41183000
2025-12-02  315.603546  318.171873  313.704794  316.532931   35854700
2025-12-03  319.421082  321.369789  313.894697  315.683536   41838300
2025-12-04  317.412384  322.149276  314.494310  322.019387   31240900
2025-12-05  321.059967  322.948746  318.961364  319.281132   28851700
2025-12-08  313.720001  320.440002  311.220001  320.049988   33909400
2025-12-09  317.079987  317.989990  311.899994  312.369995   30194000
2025-12-10  320.209991  321.309998  314.679993  315.829987   33428900
2025-12-11  312.429993  321.119995  308.600006  320.079987   42353700
2025-12-12  309.290009  314.869995  305.559998  313.700012   35940200
2025-12-15  308.220001  311.420013  304.880005  311.320007   29151900
2025-12-16  306.570007  310.769989  302.589996  304.950012   30585000
2025-12-17  296.720001  308.089996  296.119995  308.010010   43930400
2025-12-18  302.459991  303.959991  299.230011  301.720001   33518000
2025-12-19  307.160004  307.250000  300.970001  301.730011   59943200
2025-12-22  309.779999  310.130005  305.299988  309.880005   26429900
2025-12-23  314.350006  314.940002  309.320007  309.630005   25478700
2025-12-24  314.089996  315.079987  311.920013  314.769989   10097400
2025-12-26  313.510010  315.089996  312.279999  314.480011   10899000
2025-12-29  313.559998  314.019989  310.619995  311.369995   19621800
2025-12-30  313.850006  316.950012  312.459991  312.500000   17380900
2025-12-31  313.000000  314.579987  311.440002  312.850006   16377700
2026-01-02  315.149994  322.500000  310.329987  316.899994   32009400
2026-01-05  316.540009  319.019989  314.630005  317.660004   30195600
2026-01-06  314.339996  320.940002  311.779999  316.399994   31212100
2026-01-07  321.980011  326.149994  314.190002  314.359985   35104400
2026-01-08  325.440002  330.320007  321.500000  328.970001   31896100
2026-01-09  328.570007  330.829987  325.799988  327.089996   26183500
--------------------------------
AAPL
Price            Close        High         Low        Open     Volume
Ticker            AAPL        AAPL        AAPL        AAPL       AAPL
Date                                                                 
2025-01-02  242.752106  247.978468  240.731247  247.809220   55740700
2025-01-03  242.264313  243.080613  240.800930  242.264313   40244100
2025-01-06  243.896912  246.216423  242.105013  243.210016   45045600
2025-01-07  241.119492  244.444450  240.263363  241.886014   40856000
2025-01-08  241.607254  242.612716  238.969192  240.830767   37628900
2025-01-10  235.783615  239.078710  231.950943  238.929376   61710900
2025-01-13  233.344650  233.613439  228.685728  232.478572   49630700
2025-01-14  232.229675  235.056885  231.423325  233.693058   39435300
2025-01-15  236.798996  237.884100  233.374482  233.583543   39832000
2025-01-16  227.232285  236.938386  227.003324  236.281370   71759100
2025-01-17  228.944534  231.244131  227.451288  231.074899   68488300
2025-01-21  221.637573  223.409558  218.392257  222.991451   98070400
2025-01-22  222.822220  223.110907  218.800401  218.800401   64126500
2025-01-23  222.653015  226.007837  221.299138  223.728154   60234800
2025-01-24  221.776947  224.614121  220.413120  223.767942   54697900
2025-01-27  228.825073  231.104756  222.971543  223.011371   94863400
2025-01-28  237.187256  239.108574  229.770802  229.810630   75707600
2025-01-29  238.282318  238.780067  232.956400  233.065905   45486100
2025-01-30  236.520264  239.705853  236.141985  237.595403   55658300
2025-01-31  234.937439  246.077060  232.388967  246.077060  100959800
2025-02-03  226.983414  230.786222  224.683817  228.954510   73063300
2025-02-04  231.751846  232.080362  225.629527  226.226832   45067300
2025-02-05  231.423340  231.622436  227.242253  227.501077   39620300
2025-02-06  232.169952  232.747343  229.392506  230.248634   29925300
2025-02-07  226.605118  232.946432  226.236773  231.552742   39707200
2025-02-10  226.874191  229.804175  226.425728  228.787662   33115600
2025-02-11  231.827271  234.428377  227.352581  227.422335   53718400
2025-02-12  236.062775  236.152480  229.893867  230.412099   45243300
2025-02-13  240.706909  241.514146  234.767228  236.102658   53614100
2025-02-14  243.766434  244.713193  240.168736  240.427844   40896200
2025-02-18  243.636887  244.344459  241.015844  243.317970   48822500
2025-02-19  244.035507  245.171622  242.331343  243.826231   32204200
2025-02-20  244.992249  245.939008  243.457488  244.105282   32316900
2025-02-21  244.713196  247.842494  244.384319  245.111827   53197400
2025-02-24  246.257919  248.011916  243.587045  244.095301   51326400
2025-02-25  246.198120  249.148040  244.075389  247.154855   48013300
2025-02-26  239.540878  244.145129  238.315074  243.497350   44433600
2025-02-27  236.491318  241.633737  236.252130  238.594128   41153600
2025-02-28  241.015839  241.264987  229.415507  236.142504   56833400
2025-03-03  237.218811  243.198364  235.305356  240.965992   47184000
2025-03-04  235.125977  239.251883  233.880236  236.899925   53798100
2025-03-05  234.936630  235.743867  228.448806  234.617713   47227600
2025-03-06  234.528030  237.049407  232.365427  233.641064   45170400
2025-03-07  238.255295  240.547445  233.959970  234.308783   46273600
2025-03-10  226.704773  235.355201  223.455888  234.737303   72071200
2025-03-11  220.087418  225.070379  216.708971  223.047298   76137400
2025-03-12  216.240555  220.994303  214.177617  219.389790   62547500
2025-03-13  208.965439  216.101042  207.709738  215.214076   61368300
2025-03-14  212.762466  213.220890  208.865787  210.530095   60107600
2025-03-17  213.270721  214.486565  209.254456  212.583070   48073400
2025-03-18  211.965179  214.416788  210.769272  213.430171   42432400
2025-03-19  214.506485  218.014478  213.021557  213.489957   54385400
2025-03-20  213.370392  216.748839  211.496794  213.260766   48862900
2025-03-21  217.526169  218.094218  210.559984  210.839029   94127800
2025-03-24  219.977783  220.725227  217.835116  220.246867   44299500
2025-03-25  222.987503  223.336316  219.330012  220.017663   34493600
2025-03-26  220.775040  224.253151  219.718655  222.748288   34466100
2025-03-27  223.087143  224.223257  219.808346  220.635520   37094800
2025-03-28  217.157425  223.047288  216.938173  220.914582   39818600
2025-03-31  221.373016  224.851113  215.493114  216.270454   65299300
2025-04-01  222.429398  222.917718  218.154009  219.060911   36412700
2025-04-02  223.127014  224.422587  220.266800  220.565780   35905900
2025-04-03  202.497559  206.782908  200.564167  204.839541  103419000
2025-04-04  187.738037  199.198847  186.701573  193.229254  125910900
2025-04-07  180.841614  193.488355  174.024912  176.596122  160466300
2025-04-08  171.832413  189.691342  168.633361  186.063747  120859500
2025-04-09  198.172348  199.926345  171.304218  171.364011  184395900
2025-04-10  189.771088  194.116230  182.376375  188.425697  121880000
2025-04-11  197.474716  198.859979  185.425921  185.465794   87435900
2025-04-14  201.829849  212.214338  200.474483  210.719450  101352900
2025-04-15  201.451141  202.816468  199.119119  201.172097   51343900
2025-04-16  193.607956  200.016036  191.714422  197.684014   59732400
2025-04-17  196.308716  198.152417  193.757442  196.527967   52164700
2025-04-21  192.501724  193.139543  189.163135  192.611350   46742500
2025-04-22  199.059326  200.903013  195.302169  195.451652   52976400
2025-04-23  203.902771  207.291178  202.108902  205.297994   52929200
2025-04-24  207.659897  208.118336  202.248409  204.191761   47311000
2025-04-25  208.566803  209.035203  205.497297  205.666716   38222300
2025-04-28  209.423874  210.779240  206.753014  209.284352   38743100
2025-04-29  210.490219  211.516708  207.659886  207.978803   36827600
2025-04-30  211.775833  212.852154  205.965699  208.586741   52286500
2025-05-01  212.593048  213.828813  208.188097  208.367492   57365700
2025-05-02  204.650208  206.284618  201.471076  205.387676  101010600
2025-05-05  198.212219  203.404471  197.534544  202.407879   69018500
2025-05-06  197.833496  199.966203  196.348584  197.534531   51216500
2025-05-07  195.581207  198.760339  192.591431  198.491254   68536700
2025-05-08  196.816986  199.368260  194.016549  197.046198   50478900
2025-05-09  197.853439  199.856584  196.866808  198.321839   36453900
2025-05-12  210.347137  210.826140  206.315632  210.526767   63775800
2025-05-13  212.482635  212.951649  208.560900  209.987888   51909300
2025-05-14  211.883896  213.490514  210.137573  211.983677   49325800
2025-05-15  211.005753  212.512590  209.099762  210.506803   45029500
2025-05-16  210.816147  212.123407  209.329287  211.913842   54737900
2025-05-19  208.341354  209.039881  203.830847  207.473187   46140500
2025-05-20  206.425400  208.032018  204.599243  207.233696   42496600
2025-05-21  201.665405  206.605002  200.288315  204.738936   59211800
2025-05-22  200.936935  202.324014  199.280419  200.288307   46742400
2025-05-23  194.859756  197.284644  193.053562  193.263112   78432900
2025-05-27  199.789368  200.318253  197.015194  197.883377   56288500
2025-05-28  199.998917  202.304061  199.480005  200.168558   45339700
2025-05-29  199.529907  203.381798  198.092930  203.152286   51396800
2025-05-30  200.428024  201.535693  196.366568  198.951123   70819900
2025-06-02  201.276230  201.705334  199.699548  199.859215   35423300
2025-06-03  202.842926  203.341876  200.537782  200.926962   46381600
2025-06-04  202.393890  205.806703  201.675402  202.483698   43604000
2025-06-05  200.208496  204.319835  199.729494  203.072462   55126100
2025-06-06  203.491562  205.267821  201.625496  202.573497   46607700
2025-06-09  201.026764  205.567208  199.599776  203.960590   72862600
2025-06-10  202.244186  203.920665  200.148608  200.178543   54672600
2025-06-11  198.362366  204.070349  197.993148  203.072450   60989900
2025-06-12  198.781479  199.260466  196.945348  198.661736   43904600
2025-06-13  196.037262  199.949024  195.288838  199.310370   51447300
2025-06-16  198.003128  198.272565  196.147035  196.885486   43020700
2025-06-17  195.228958  197.973180  194.799869  196.785678   38856200
2025-06-18  196.166977  197.154902  194.660155  195.528322   45394700
2025-06-20  200.577698  201.276224  196.446397  197.823502   96813500
2025-06-23  201.076660  201.874982  198.542003  201.206392   55814300
2025-06-24  199.879181  203.012583  199.779385  202.164363   54064000
2025-06-25  201.136536  203.242103  200.198508  201.026766   39525700
2025-06-26  200.577698  202.214251  199.040940  201.006787   50799100
2025-06-27  200.657532  202.793035  199.579799  201.465827   73188600
2025-06-30  204.738937  206.954274  198.841351  201.585573   91912800
2025-07-01  207.383377  209.748393  205.706899  206.235784   78788900
2025-07-02  211.993668  212.891771  207.702699  208.471085   67941800
2025-07-03  213.101349  214.199029  211.364999  211.704281   34955800
2025-07-07  209.508896  215.775700  208.361318  212.233156   50229000
2025-07-08  209.568771  210.985786  208.012051  209.658594   42848900
2025-07-09  210.696396  210.885999  206.784634  209.089778   48749400
2025-07-10  211.963730  213.031474  209.588725  210.067713   44443600
2025-07-11  210.716354  211.684318  209.419083  210.127598   39765800
2025-07-14  208.181686  210.466884  207.103954  209.488932   38840100
2025-07-15  208.670670  211.444828  208.481066  208.780439   42296300
2025-07-16  209.718475  211.953760  208.201664  209.858181   47490500
2025-07-17  209.578751  211.355010  209.149646  210.127598   48068100
2025-07-18  210.736313  211.345032  209.259427  210.426967   48974600
2025-07-21  212.033569  215.326639  211.185364  211.654378   51377400
2025-07-22  213.949554  214.498402  211.784115  212.692207   46404100
2025-07-23  213.700073  214.697972  211.963739  214.548294   46989300
2025-07-24  213.310883  215.236836  213.081370  213.450588   46022600
2025-07-25  213.430649  214.787792  212.951646  214.248918   40268800
2025-07-28  213.600296  214.398618  212.612370  213.580334   37858000
2025-07-29  210.826126  214.358682  210.377075  213.730001   51411700
2025-07-30  208.610794  211.943773  207.283587  211.454797   45512500
2025-07-31  207.133911  209.399131  206.724769  208.051976   80698400
2025-08-01  201.954819  213.131285  201.076663  210.426972  104434500
2025-08-04  202.922775  207.443257  201.256270  204.080327   75109300
2025-08-05  202.493668  204.908581  201.735270  202.972655   44155100
2025-08-06  212.801971  214.927501  205.158061  205.197986  108483100
2025-08-07  219.567719  220.386003  216.124970  218.420141   90224800
2025-08-08  228.868149  230.514676  218.789363  220.366045  113854000
2025-08-11  226.959976  229.337676  224.542322  227.699265   61806100
2025-08-12  229.427582  230.576477  226.850094  227.789171   55626200
2025-08-13  233.104034  234.772415  230.206834  230.846229   69878500
2025-08-14  232.554565  234.892296  230.626442  233.833325   51916300
2025-08-15  231.365707  234.053105  229.117886  233.773377   56038700
2025-08-18  230.666397  232.894233  229.887154  231.475610   37476200
2025-08-19  230.336716  232.644476  229.127896  231.056020   39402600
2025-08-20  225.791107  230.246794  225.551349  229.757264   42263900
2025-08-21  224.682190  226.300631  223.563279  226.050874   30621200
2025-08-22  227.539413  228.868127  225.191699  225.950957   42477800
2025-08-25  226.940002  229.077929  226.010895  226.260653   30983100
2025-08-26  229.087921  229.267755  224.472400  226.650282   54575100
2025-08-27  230.266785  230.676376  228.038933  228.388600   31259500
2025-08-28  232.334778  233.183961  229.117895  230.596473   38074700
2025-08-29  231.915176  233.153981  231.145918  232.284813   39418400
2025-09-02  229.497528  230.626439  226.750191  229.027982   44075600
2025-09-03  238.239059  238.618696  234.133039  236.980285   66427800
2025-09-04  239.547775  239.667654  236.510726  238.219062   47549400
2025-09-05  239.457870  241.086297  238.259036  239.767568   54870400
2025-09-08  237.649628  239.917418  236.111111  239.068251   48999500
2025-09-09  234.123047  238.548749  233.134000  236.770474   66313900
2025-09-10  226.570358  232.194911  225.731175  231.965138   83440800
2025-09-11  229.807220  230.226812  226.430489  226.660277   50208600
2025-09-12  233.843323  234.282884  228.798210  228.998014   55824200
2025-09-15  236.470764  237.959327  234.802383  236.770477   42699500
2025-09-16  237.919357  240.986391  236.091143  236.950295   63421100
2025-09-17  238.758560  239.867486  237.499771  238.738575   46508000
2025-09-18  237.649628  240.966404  236.420808  239.737600   44249600
2025-09-19  245.262238  246.061466  239.977368  240.996369  163741300
2025-09-22  255.831985  256.391471  247.879703  248.059536  105517400
2025-09-23  254.183594  257.090779  253.334426  255.632202   60275200
2025-09-24  252.065643  255.492329  250.796869  254.972829   42303700
2025-09-25  256.621216  256.920944  251.466225  252.964772   55202100
2025-09-26  255.212601  257.350528  253.534220  253.853917   46076300
2025-09-29  254.183594  254.753049  252.764971  254.313473   40127700
2025-09-30  254.383408  255.672152  252.864875  254.613181   37704300
2025-10-01  255.202606  258.539383  254.683106  254.793000   48713900
2025-10-02  256.880981  257.929952  253.903857  256.331496   42630200
2025-10-03  257.770111  258.988931  253.704061  254.423365   49155600
2025-10-06  256.441406  258.819106  254.802995  257.740135   44664100
2025-10-07  256.231628  257.150720  255.182627  256.561295   31955800
2025-10-08  257.810089  258.269635  255.861965  256.271572   36496900
2025-10-09  253.793961  257.750132  252.894838  257.560314   38322000
2025-10-10  245.032471  256.131712  243.763696  254.693104   61999100
2025-10-13  247.420151  249.448184  245.322178  249.138486   38142900
2025-10-14  247.530045  248.609000  244.463010  246.361180   35478000
2025-10-15  249.098526  251.576135  247.230342  249.248390   33893600
2025-10-16  247.210358  248.798814  244.892612  248.009586   39777000
2025-10-17  252.045654  253.134610  247.030527  247.779801   49147000
2025-10-20  261.986023  264.123965  255.382439  255.642182   90483000
2025-10-21  262.515503  265.033082  261.576411  261.626381   46695900
2025-10-22  258.199707  262.595440  255.182612  262.395621   45015300
2025-10-23  259.328583  260.367584  257.760126  259.688250   32754900
2025-10-24  262.565491  263.874220  258.929001  260.937064   38253700
2025-10-27  268.549652  268.859349  264.393677  264.623466   44888200
2025-10-28  268.739471  269.628624  267.890289  268.729471   41534800
2025-10-29  269.438812  271.147148  266.851294  269.019206   51086700
2025-10-30  271.137146  273.874513  268.219991  271.726571   69886500
2025-10-31  270.108154  277.051436  268.899335  276.721738   86167100
2025-11-03  268.789429  270.587704  265.992153  270.158128   50194600
2025-11-04  269.778473  271.227050  267.360803  268.070107   49274800
2025-11-05  269.878387  271.436874  266.671474  268.349840   43683100
2025-11-06  269.508728  273.135217  267.630574  267.630574   51204000
2025-11-07  268.209991  272.026299  266.511626  269.538690   48227400
2025-11-10  269.429993  273.730011  267.459991  268.959991   41312400
2025-11-11  275.250000  275.910004  269.799988  269.809998   46208300
2025-11-12  273.470001  275.730011  271.700012  275.000000   48398000
2025-11-13  272.950012  276.700012  272.089996  274.109985   49602800
2025-11-14  272.410004  275.959991  269.600006  271.049988   47431300
2025-11-17  267.459991  270.489990  265.730011  268.820007   45018300
2025-11-18  267.440002  270.709991  265.320007  269.989990   45677300
2025-11-19  268.559998  272.209991  265.500000  265.529999   40424500
2025-11-20  266.250000  275.429993  265.920013  270.829987   45823600
2025-11-21  271.489990  273.329987  265.670013  265.950012   59030800
2025-11-24  275.920013  277.000000  270.899994  270.899994   65585800
2025-11-25  276.970001  280.380005  275.250000  275.269989   46914200
2025-11-26  277.549988  279.529999  276.630005  276.959991   33431400
2025-11-28  278.850006  279.000000  275.989990  277.260010   20135600
2025-12-01  283.100006  283.420013  276.140015  278.010010   46587700
2025-12-02  286.190002  287.399994  282.630005  283.000000   53669500
2025-12-03  284.149994  288.619995  283.299988  286.200012   43538700
2025-12-04  280.700012  284.730011  278.589996  284.100006   43989100
2025-12-05  278.779999  281.140015  278.049988  280.540009   47265800
2025-12-08  277.890015  279.670013  276.149994  278.130005   38211800
2025-12-09  277.179993  280.029999  276.920013  278.160004   32193300
2025-12-10  278.779999  279.750000  276.440002  277.750000   33038300
2025-12-11  278.029999  279.589996  273.809998  279.100006   33248000
2025-12-12  278.279999  279.220001  276.820007  277.899994   39532900
2025-12-15  274.109985  280.149994  272.839996  280.149994   50409100
2025-12-16  274.609985  275.500000  271.790009  272.820007   37648600
2025-12-17  271.839996  276.160004  271.640015  275.010010   50138700
2025-12-18  272.190002  273.630005  266.950012  273.609985   51630700
2025-12-19  273.670013  274.600006  269.899994  272.149994  144632000
2025-12-22  270.970001  273.880005  270.510010  272.859985   36571800
2025-12-23  272.359985  272.500000  269.559998  270.839996   29642000
2025-12-24  273.809998  275.429993  272.200012  272.339996   17910600
2025-12-26  273.399994  275.369995  272.859985  274.160004   21521800
2025-12-29  273.760010  274.359985  272.350006  272.690002   23715200
2025-12-30  273.079987  274.079987  272.279999  272.809998   22139600
2025-12-31  271.859985  273.679993  271.750000  273.059998   27293600
2026-01-02  271.010010  277.839996  269.000000  272.260010   37838100
2026-01-05  267.260010  271.510010  266.140015  270.640015   45647200
2026-01-06  262.359985  267.549988  262.119995  267.000000   52352100
2026-01-07  260.329987  263.679993  259.809998  263.200012   48309800
2026-01-08  259.040009  259.290009  255.699997  257.019989   50419300
2026-01-09  259.369995  260.209991  256.220001  259.079987   39952300
--------------------------------
NVDA
Price            Close        High         Low        Open     Volume
Ticker            NVDA        NVDA        NVDA        NVDA       NVDA
Date                                                                 
2025-01-02  138.272171  138.842022  134.593185  135.962805  198247200
2025-01-03  144.430496  144.860371  139.691787  139.971709  229322500
2025-01-06  149.389130  152.118394  147.779585  148.549363  265377400
2025-01-07  140.101669  153.088122  139.971700  152.988143  351782200
2025-01-08  140.071701  143.910648  137.522395  142.541027  227349900
2025-01-10  135.872849  139.881747  134.183308  137.412421  207602500
2025-01-13  133.193573  133.453512  129.474589  129.954469  204808900
2025-01-14  131.723969  136.342716  130.014445  136.012804  195590500
2025-01-15  136.202759  136.412693  131.254100  133.613455  185217300
2025-01-16  133.533478  138.712054  133.453498  138.602083  209235600
2025-01-17  137.672348  138.462125  135.422963  136.652623  201188800
2025-01-21  140.791489  141.791215  137.052506  139.121947  197749000
2025-01-22  147.029800  147.749590  143.630721  144.620456  237651400
2025-01-23  147.179749  147.189740  143.680706  145.010344  155915500
2025-01-24  142.580994  148.929263  141.841206  148.329421  234657600
2025-01-27  118.387619  128.364886  116.668088  124.765879  818830900
2025-01-28  128.954727  128.964719  116.218206  121.776683  579666400
2025-01-29  123.666168  126.855298  120.017172  126.465406  467120600
2025-01-30  124.615921  124.965824  118.067709  123.066342  392925500
2025-01-31  120.037170  127.815042  119.157414  123.746155  388161100
2025-02-03  116.628105  118.537579  112.979102  114.718624  371235700
2025-02-04  118.617554  121.166852  116.668082  116.928013  256550000
2025-02-05  124.795860  124.965812  120.726974  121.726700  262230800
2025-02-06  128.644821  128.734808  125.175776  127.385171  251483600
2025-02-07  129.804474  130.334328  124.965802  129.184648  228186300
2025-02-10  133.533478  134.963079  129.924464  130.054419  216989100
2025-02-11  132.763687  134.443220  130.984175  132.543746  178902400
2025-02-12  131.104141  132.203847  129.044707  129.984452  160278600
2025-02-13  135.252991  136.462666  131.134122  131.524015  197430000
2025-02-14  138.812027  139.211911  135.462937  136.442665  195479600
2025-02-18  139.361877  143.400781  137.892278  141.231376  219176600
2025-02-19  139.191940  141.321363  137.182495  139.471863  167536000
2025-02-20  140.071701  140.621554  136.752601  139.991721  143903600
2025-02-21  134.393234  141.421326  133.993350  140.001701  228217600
2025-02-24  130.244385  138.552111  130.044442  136.522667  251381100
2025-02-25  126.595375  130.164399  124.405979  129.944458  271428700
2025-02-26  131.244110  133.693437  128.454880  129.954469  322553800
2025-02-27  120.117149  134.973079  119.977188  134.963087  443175800
2025-02-28  124.885834  125.055785  116.368167  117.987719  389091100
2025-03-03  114.028809  123.666172  112.249297  123.476229  411381400
2025-03-04  115.958290  119.277382  110.079900  110.619754  398163300
2025-03-05  117.267929  118.247657  114.478691  117.547851  284337900
2025-03-06  110.539764  115.318456  110.189862  113.498954  321181900
2025-03-07  112.659195  113.448980  107.530593  111.219586  341755500
2025-03-10  106.950752  111.819416  105.431164  109.869952  366487400
2025-03-11  108.730255  112.209299  104.741341  106.960735  354865700
2025-03-12  115.718994  116.738813  112.859513  114.099293  323857500
2025-03-13  115.559029  117.738633  113.769353  117.008762  299033100
2025-03-14  121.647919  121.857880  118.128561  118.588476  277593500
2025-03-17  119.508308  122.867699  118.008581  122.717725  255501500
2025-03-18  115.409058  118.998403  114.519220  117.978591  299686900
2025-03-19  117.498672  120.428141  115.659010  117.248718  273426200
2025-03-20  118.508484  120.178179  116.448860  116.528848  248829700
2025-03-21  117.678635  117.968583  115.399050  116.918778  266498500
2025-03-24  121.387970  122.197821  119.318338  119.858241  228452500
2025-03-25  120.668098  121.267988  118.898415  120.528124  167447200
2025-03-26  113.739357  118.818429  112.689544  118.708456  293463300
2025-03-27  111.409782  114.429231  110.639925  111.329795  236902100
2025-03-28  109.650101  112.849525  109.050211  111.469770  229872500
2025-03-31  108.360329  110.939862  103.631191  105.110918  299212700
2025-04-01  110.130013  110.179999  106.450680  108.500303  222614000
2025-04-02  110.399956  111.959678  106.770617  107.270527  220601200
2025-04-03  101.781532  105.610832  101.581564  103.491221  338769400
2025-04-04   94.292885  100.111828   92.093287   98.892056  532273800
2025-04-07   97.622276  101.731531   86.604280   87.444124  611041300
2025-04-08   96.282524  105.830786   94.442854  103.791156  476243400
2025-04-09  114.309258  115.079114   97.512303   98.872057  612918300
2025-04-10  107.550476  110.839880   99.132006  109.350152  437812400
2025-04-11  110.909866  111.529757  107.460496  108.480307  313417300
2025-04-14  110.689903  114.269255  109.050202  114.089288  264705000
2025-04-15  112.179634  113.599382  110.479946  110.949862  228966900
2025-04-16  104.471039  106.770625  100.431771  104.531033  397016900
2025-04-17  101.471573  104.451035  100.031839  104.431035  292517500
2025-04-21   96.892418   99.421958   95.022755   98.752073  288501100
2025-04-22   98.872047   99.791879   97.262339   98.762067  241004800
2025-04-23  102.691360  104.780985  102.001483  104.501030  247526000
2025-04-24  106.410675  106.520656  103.091278  103.461214  220815000
2025-04-25  110.989861  111.899691  105.710820  106.830612  251064700
2025-04-28  108.710266  110.349968  106.000751  109.670091  207708500
2025-04-29  109.000206  110.179992  107.420499  107.650453  170444300
2025-04-30  108.900230  108.900230  104.061112  104.451041  235044600
2025-05-01  111.589745  114.919142  111.279803  113.059479  236121500
2025-05-02  114.479225  115.379063  113.349433  114.159284  190194800
2025-05-05  113.799339  114.649183  112.639554  112.889508  133163200
2025-05-06  113.519402  114.719181  110.799894  111.459778  158525600
2025-05-07  117.038757  117.658648  112.259626  113.029490  206758800
2025-05-08  117.348709  118.658469  115.828981  118.228547  198428100
2025-05-09  116.628830  118.208545  115.189089  117.328700  132972200
2025-05-12  122.977676  122.977676  120.258169  121.947865  225023300
2025-05-13  129.906418  131.196192  124.447417  124.957327  330430100
2025-05-14  135.315430  135.415418  131.656090  133.175819  281180800
2025-05-15  134.805527  136.275261  132.635922  134.265616  226632600
2025-05-16  135.375427  136.325267  133.435792  136.195286  226542500
2025-05-19  135.545395  135.845328  132.365964  132.365964  193154600
2025-05-20  134.355621  134.555582  132.595931  134.265626  161514200
2025-05-21  131.776077  137.375052  130.566290  133.035843  270608700
2025-05-22  132.805893  134.225633  131.526126  132.205996  187344000
2025-05-23  131.266174  132.655922  129.136571  129.976415  198821300
2025-05-27  135.475403  135.635377  133.285798  134.125642  192953600
2025-05-28  134.785538  137.225097  134.765537  136.005318  304021100
2025-05-29  139.164749  143.463972  137.884983  142.224192  369241900
2025-05-30  135.105484  139.594659  132.895878  138.694829  333170900
2025-06-02  137.355072  138.094928  135.375420  135.465416  197663100
2025-06-03  141.194366  141.974224  137.924956  138.754807  225578800
2025-06-04  141.894241  142.364157  139.514668  142.164197  167120800
2025-06-05  139.964600  143.973866  138.804806  142.144197  231397900
2025-06-06  141.694275  143.243997  141.484306  142.484125  153986200
2025-06-09  142.604126  144.973691  141.914249  143.164022  185114500
2025-06-10  143.933884  144.263810  141.504317  142.664110  155881900
2025-06-11  142.813995  144.973757  141.854096  144.593795  167694000
2025-06-12  144.983749  144.983749  141.834109  141.954090  162365000
2025-06-13  141.954086  143.563906  140.834217  142.464024  180820600
2025-06-16  144.673782  146.163606  143.183944  143.333936  183133700
2025-06-17  144.103836  145.203719  143.763878  144.473805  139108000
2025-06-18  145.463684  145.633663  143.103948  143.993848  161494100
2025-06-20  143.833878  146.183605  142.634000  145.433689  242956200
2025-06-23  144.153839  144.763771  142.014080  142.484028  154308900
2025-06-24  147.883408  147.943414  145.483683  145.543674  187566100
2025-06-25  154.292709  154.432693  149.243272  149.253281  269146500
2025-06-26  155.002625  156.702431  153.982735  155.962508  198145700
2025-06-27  157.732315  158.692214  155.242589  156.022500  263234500
2025-06-30  157.972305  158.642228  155.942534  158.382248  194580300
2025-07-01  153.282837  157.182394  151.473042  156.272492  213143600
2025-07-02  157.232376  157.582343  152.952857  152.962850  171224100
2025-07-03  159.322144  160.961959  157.752327  158.352251  143716100
2025-07-07  158.222275  159.292147  157.322366  158.182271  140139000
2025-07-08  159.982071  160.202047  158.372251  159.312148  138133000
2025-07-09  162.861755  164.401576  161.141947  161.201938  183656400
2025-07-10  164.081619  164.481568  161.591893  164.301596  167704100
2025-07-11  164.901520  167.871188  163.451685  163.701657  193633300
2025-07-14  164.051620  165.471460  162.001847  165.351463  136975800
2025-07-15  170.680862  172.380669  169.181031  171.170813  230627400
2025-07-16  171.350800  171.730762  168.881075  171.040837  158831500
2025-07-17  172.980621  174.140495  170.810866  172.000735  160841100
2025-07-18  172.390686  174.230476  171.240806  173.620544  146456400
2025-07-21  171.360809  173.360585  170.980847  172.730651  123126100
2025-07-22  167.011292  171.370804  164.561569  171.320806  193114300
2025-07-23  170.760864  171.240806  167.951182  169.511004  154082200
2025-07-24  173.720535  173.810522  171.280806  172.420678  128984600
2025-07-25  173.480560  174.700425  172.940628  173.590549  122316800
2025-07-28  176.730194  176.980166  173.950507  174.000504  140023500
2025-07-29  175.490326  179.359903  175.000391  177.940064  154077500
2025-07-30  179.249924  179.869849  176.020275  176.490223  174312200
2025-07-31  177.850067  183.279467  175.910282  182.879502  221685400
2025-08-01  173.700531  176.520207  170.870846  174.070485  204529000
2025-08-04  179.979828  180.179802  174.500446  175.140374  148174600
2025-08-05  178.240021  180.239797  175.880285  179.599869  156407600
2025-08-06  179.399887  179.879829  176.230244  176.310237  137192300
2025-08-07  180.749741  183.859393  178.779960  181.549654  151878400
2025-08-08  182.679520  183.279459  180.379774  181.529655  123396700
2025-08-11  182.039597  183.819396  180.229802  182.029603  138323200
2025-08-12  183.139481  184.459325  179.439898  182.939506  145485700
2025-08-13  181.569641  183.949379  179.329902  182.599524  179871700
2025-08-14  181.999603  182.999491  179.439893  179.729853  129554000
2025-08-15  180.429779  181.879614  178.020045  181.859627  156602200
2025-08-18  181.989594  182.919497  180.569755  180.579763  132008000
2025-08-19  175.620316  182.479547  175.470338  182.409548  185229200
2025-08-20  175.380341  175.980279  168.781089  175.150371  215142700
2025-08-21  174.960388  176.880171  173.790521  174.830413  140040900
2025-08-22  177.970062  178.569986  171.180815  172.590660  172789400
2025-08-25  179.789856  181.889627  176.550229  178.330028  163012800
2025-08-26  181.749634  182.369559  178.789959  180.039819  168688200
2025-08-27  181.579651  182.469551  179.079931  181.959598  235518900
2025-08-28  180.149811  184.449332  176.390238  180.799747  281787800
2025-08-29  174.160477  178.130033  173.130593  178.090044  243257900
2025-09-02  170.760864  172.360691  167.201266  169.980953  231164900
2025-09-03  170.600891  172.390699  168.861096  171.040844  164424900
2025-09-04  171.640778  171.840752  169.391030  170.550903  141670100
2025-09-05  167.001297  169.011066  164.051630  168.011178  224441400
2025-09-08  168.291138  170.940850  167.331254  167.531228  163769100
2025-09-09  170.740860  170.960837  166.721321  169.071049  157548400
2025-09-10  177.310135  179.269907  175.450343  176.620210  226852000
2025-09-11  177.160141  180.269969  176.470177  179.669996  151159300
2025-09-12  177.810104  178.590060  176.440170  177.760104  124911000
2025-09-15  177.740097  178.840042  174.500272  175.660211  147061600
2025-09-16  174.870270  177.490119  174.370298  176.990147  140737800
2025-09-17  170.280518  173.190359  168.400633  172.630393  211843800
2025-09-18  176.230194  177.090147  172.950378  173.970310  191763300
2025-09-19  176.660156  178.070081  175.170234  175.760212  237182100
2025-09-22  183.599777  184.539727  174.700279  175.290242  269637000
2025-09-23  178.420059  182.409843  176.200197  181.959871  192559600
2025-09-24  176.960144  179.769985  175.390224  179.759991  143564100
2025-09-25  177.680115  180.249964  173.120371  174.470287  191586700
2025-09-26  178.180084  179.759998  174.920256  178.160081  148573700
2025-09-29  181.839890  183.989764  180.309976  180.419955  193063500
2025-09-30  186.569611  187.339572  181.469889  182.069861  236981000
2025-10-01  187.229584  188.129528  183.889758  185.229695  173844900
2025-10-02  188.879486  191.039370  188.049530  189.589453  136805800
2025-10-03  187.609543  190.349396  185.369677  189.179463  137596900
2025-10-06  185.529663  187.219571  183.319795  185.489672  157678100
2025-10-07  185.029694  189.049474  183.989758  186.219630  140088000
2025-10-08  189.099472  189.589450  186.529608  186.559620  130168900
2025-10-09  192.559280  195.289124  191.049355  192.219288  182997200
2025-10-10  183.149811  195.609109  182.039872  193.499226  268774400
2025-10-13  188.309525  190.099418  185.949655  187.959538  153482800
2025-10-14  180.019974  184.789712  179.689990  184.759715  205641400
2025-10-15  179.819992  184.859705  177.280125  184.789717  214450500
2025-10-16  181.799881  183.269800  179.760001  182.219856  179723300
2025-10-17  183.209808  184.089764  179.740000  180.169969  173135200
2025-10-20  182.629837  185.189692  181.719884  183.119815  128544700
2025-10-21  181.149918  182.779816  179.789993  182.779816  124240200
2025-10-22  180.269958  183.429786  176.750150  181.129911  162249600
2025-10-23  182.149857  183.019803  179.779978  180.409948  111363700
2025-10-24  186.249619  187.459558  183.489778  183.829755  131296700
2025-10-27  191.479340  191.989306  188.419497  189.979423  153452700
2025-10-28  201.018814  203.138691  191.899326  193.039262  297986200
2025-10-29  207.028473  212.178195  204.768604  207.968423  308829600
2025-10-30  202.878708  206.148530  201.398795  205.138577  178864400
2025-10-31  202.478729  207.958420  202.058754  206.438500  179802200
2025-11-03  206.868484  211.328228  205.548551  208.068415  180267300
2025-11-04  198.678940  203.958645  197.918972  202.988697  188919300
2025-11-05  195.199142  202.908705  194.639161  198.758942  171350300
2025-11-06  188.069534  197.608997  186.369632  196.409066  223029800
2025-11-07  188.139526  188.309530  178.900050  184.889707  264942300
2025-11-10  199.038925  199.928875  193.779208  195.099142  198897100
2025-11-11  193.149246  195.409115  191.289349  195.149135  176483300
2025-11-12  193.789215  195.879095  191.119366  195.709106  154935300
2025-11-13  186.849594  191.429341  183.839767  191.039363  207423100
2025-11-14  190.159409  190.999358  180.569946  182.849818  186591900
2025-11-17  186.589615  188.989475  184.309743  185.959645  173628900
2025-11-18  181.349899  184.789710  179.639988  183.369791  213598900
2025-11-19  186.509613  187.849535  182.819816  184.779698  247246400
2025-11-20  180.629944  195.989089  179.839995  195.939089  343504800
2025-11-21  178.870041  184.549717  172.920360  181.229910  346926200
2025-11-24  182.539841  183.489785  176.470171  179.480013  256618300
2025-11-25  177.810104  178.150082  169.540561  174.900263  320600300
2025-11-26  180.249954  182.899816  178.230078  181.619888  183852000
2025-11-28  176.990143  179.280009  176.490171  179.000025  121332800
2025-12-01  179.909988  180.289972  173.670330  174.750272  188131000
2025-12-02  181.449905  185.649669  179.989980  181.749876  182632200
2025-12-03  179.580002  182.439843  179.100033  181.069924  165138000
2025-12-04  183.380005  184.520004  179.960007  181.619995  167364900
2025-12-05  182.410004  184.660004  180.910004  183.889999  143971100
2025-12-08  185.550003  188.000000  182.399994  182.639999  204378100
2025-12-09  184.970001  185.720001  183.320007  185.559998  144719700
2025-12-10  183.779999  185.479996  182.039993  184.970001  162785400
2025-12-11  180.929993  181.320007  176.619995  180.279999  182136600
2025-12-12  175.020004  182.820007  174.619995  181.110001  204274900
2025-12-15  176.289993  178.419998  175.029999  177.940002  164775600
2025-12-16  177.720001  178.490005  174.899994  176.259995  148588100
2025-12-17  170.940002  176.130005  170.309998  176.100006  222775500
2025-12-18  174.139999  176.149994  171.820007  174.529999  176096000
2025-12-19  180.990005  181.449997  176.339996  176.669998  324925900
2025-12-22  183.690002  184.160004  182.350006  183.919998  129064400
2025-12-23  189.210007  189.330002  182.899994  182.970001  174873600
2025-12-24  188.610001  188.910004  186.589996  187.940002   65528500
2025-12-26  190.529999  192.690002  188.000000  189.919998  139740300
2025-12-29  188.220001  188.759995  185.910004  187.710007  120006100
2025-12-30  187.539993  188.990005  186.929993  188.240005   97687300
2025-12-31  186.500000  190.559998  186.490005  189.570007  120100500
2026-01-02  188.850006  192.929993  188.259995  189.839996  148240500
2026-01-05  188.119995  193.630005  186.149994  191.759995  183529700
2026-01-06  187.240005  192.169998  186.820007  190.520004  176862600
2026-01-07  189.110001  191.369995  186.559998  188.570007  153543200
2026-01-08  185.039993  189.550003  183.710007  189.110001  172457000
2026-01-09  184.860001  186.339996  183.669998  185.080002  131072000
--------------------------------
PLTR
Price            Close        High         Low        Open     Volume
Ticker            PLTR        PLTR        PLTR        PLTR       PLTR
Date                                                                 
2025-01-02   75.190002   76.529999   72.419998   76.199997   72217200
2025-01-03   79.889999   79.980003   75.190002   75.389999   62415000
2025-01-06   75.919998   80.059998   74.610001   78.690002  105619500
2025-01-07   69.989998   75.389999   69.750000   75.199997   91727300
2025-01-08   68.230003   69.529999   66.510002   68.120003   91349500
2025-01-10   67.260002   68.199997   65.040001   66.010002   78148600
2025-01-13   64.980003   65.680000   63.400002   64.290001   69046300
2025-01-14   65.910004   68.230003   65.190002   67.180000   56814900
2025-01-15   68.139999   68.849998   67.080002   68.550003   56025800
2025-01-16   69.239998   71.430000   68.360001   69.080002   62908700
2025-01-17   71.769997   72.339996   69.949997   70.900002   54754000
2025-01-21   73.070000   73.636002   70.600998   73.239998   56229000
2025-01-22   76.870003   77.160004   73.800003   74.500000   66876400
2025-01-23   78.980003   79.000000   75.839996   76.040001   55937900
2025-01-24   78.980003   82.239998   78.440002   79.050003   77931900
2025-01-27   75.440002   76.720001   72.669998   74.070000   76093300
2025-01-28   80.230003   80.739998   74.040001   75.540001   65916700
2025-01-29   79.760002   80.820000   77.809998   79.949997   49262200
2025-01-30   81.220001   81.830002   79.379997   80.019997   46067500
2025-01-31   82.489998   85.220001   80.870003   81.000000   78731000
2025-02-03   83.739998   84.250000   78.470001   80.125000  126592700
2025-02-04  103.830002  106.910004  100.510002  102.800003  230806800
2025-02-05  101.360001  103.570000   99.320000  101.779999   90628300
2025-02-06  111.279999  111.544998  100.260002  101.089996  128217500
2025-02-07  110.849998  116.300003  110.449997  111.660004  143795400
2025-02-10  116.650002  116.760002  108.720001  112.029999   99938100
2025-02-11  112.620003  118.660004  112.099998  116.500000   94311700
2025-02-12  117.389999  117.589996  110.000000  110.290001   75316900
2025-02-13  117.910004  118.389999  115.150002  117.309998   60027000
2025-02-14  119.160004  120.669998  116.800003  117.900002   65528900
2025-02-18  124.620003  125.000000  118.430000  120.940002   84227200
2025-02-19  112.059998  125.410004  108.559998  123.860001  147487300
2025-02-20  106.269997  107.400002   95.800003  102.910004  243093900
2025-02-21  101.349998  109.070000  100.000000  107.680000  129063200
2025-02-24   90.680000   99.010002   89.300003   95.879997  184485000
2025-02-25   87.839996   91.699997   85.250000   90.650002  132626300
2025-02-26   89.309998   91.690002   87.589996   89.160004   94428700
2025-02-27   84.769997   93.620003   84.169998   91.910004   99680500
2025-02-28   84.919998   85.180000   78.580002   79.980003  125977400
2025-03-03   83.419998   90.480003   82.529999   88.550003  114573900
2025-03-04   84.400002   88.500000   79.300003   80.160004  116800300
2025-03-05   90.129997   90.300003   82.500000   86.349998  116053000
2025-03-06   80.459999   88.339996   80.010002   87.504997  117340600
2025-03-07   84.910004   85.160004   79.150002   80.025002  105377100
2025-03-10   76.379997   82.690002   74.570000   82.000000  136843800
2025-03-11   78.050003   80.745003   75.529999   75.785004  109351500
2025-03-12   83.650002   84.550003   79.860001   83.480003  116525100
2025-03-13   79.620003   83.739998   78.320000   82.845001  100927200
2025-03-14   86.239998   87.269997   82.160004   82.970001  113985000
2025-03-17   87.349998   88.820000   84.500000   88.440002   99348900
2025-03-18   83.889999   86.169998   81.800003   85.779999   93236500
2025-03-19   86.099998   87.989998   82.860001   84.550003   89797400
2025-03-20   87.389999   89.800003   85.120003   85.540001  105547400
2025-03-21   90.959999   91.070000   84.459999   85.849998  116748700
2025-03-24   96.750000   97.389999   92.279999   93.400002  112164700
2025-03-25   96.500000   98.169998   95.080002   97.220001   78015300
2025-03-26   92.279999   97.300003   90.820000   96.290001   81428600
2025-03-27   90.089996   93.650002   89.669998   91.014999   82823000
2025-03-28   85.849998   89.379997   84.099998   89.339996   91091700
2025-03-31   84.400002   84.650002   78.750000   80.000000  108092900
2025-04-01   84.680000   85.279999   81.820000   83.889999   78980700
2025-04-02   87.449997   88.404999   82.300003   82.400002   96563100
2025-04-03   83.599998   85.680000   81.010002   81.250000   93878200
2025-04-04   74.010002   80.980003   71.930000   80.070000  147323200
2025-04-07   77.839996   81.800003   66.120003   66.650002  169083700
2025-04-08   77.320000   86.113998   75.220001   83.290001  135345600
2025-04-09   92.010002   93.330002   77.269997   78.190002  187244300
2025-04-10   88.589996   90.779999   84.139999   88.400002  124448200
2025-04-11   88.550003   89.550003   85.470001   87.980003   95130700
2025-04-14   92.620003   97.330002   91.459999   95.800003  122836900
2025-04-15   98.400002   98.989998   93.050003   93.529999  118457700
2025-04-16   92.709999   97.300003   89.620003   96.279999  121997600
2025-04-17   93.779999   95.110001   92.269997   94.709999   83991800
2025-04-21   90.800003   96.474998   89.309998   92.839996   83831100
2025-04-22   93.989998   96.339996   91.349998   93.014999   91185400
2025-04-23  100.820000  103.760002   97.830002   98.860001  112909500
2025-04-24  107.779999  108.000000  100.910004  101.529999  103190700
2025-04-25  112.779999  112.879997  106.550003  108.050003  103933800
2025-04-28  114.650002  114.860001  108.870003  113.779999  111082900
2025-04-29  116.080002  117.230003  113.239998  113.980003   79709000
2025-04-30  118.440002  118.779999  110.540001  111.610001  109461700
2025-05-01  116.199997  120.190002  116.000000  120.040001   90677600
2025-05-02  124.279999  124.419998  118.629997  118.660004  103094300
2025-05-05  123.769997  125.254997  121.360001  123.699997  135961300
2025-05-06  108.860001  113.910004  105.320000  112.709999  201193400
2025-05-07  110.480003  111.849998  107.000000  107.970001   95428800
2025-05-08  119.150002  120.379997  112.070000  112.279999  126966200
2025-05-09  117.300003  119.160004  114.900002  118.970001   81005300
2025-05-12  118.459999  120.934998  115.010002  120.779999   94257300
2025-05-13  128.100006  130.600006  119.309998  119.919998  147155400
2025-05-14  130.179993  133.490005  127.558998  129.009995   96611500
2025-05-15  128.119995  130.199997  125.739998  128.369995   69503000
2025-05-16  129.520004  130.330002  126.760002  129.229996   57003700
2025-05-19  126.330002  127.769997  124.320000  124.714996   72503900
2025-05-20  125.589996  128.199997  124.650002  127.220001   61265300
2025-05-21  120.580002  127.110001  119.410004  125.160004   80657700
2025-05-22  122.290001  126.330002  121.375000  121.949997   75498300
2025-05-23  123.309998  125.540001  120.680000  120.879997   65905800
2025-05-27  123.389999  127.879997  120.879997  126.820000   86455200
2025-05-28  123.760002  125.650002  122.910004  124.230003   64866000
2025-05-29  122.320000  126.470001  121.529999  125.349998   62929100
2025-05-30  131.779999  131.940002  122.750000  123.529999  185897600
2025-06-02  132.039993  134.479996  128.860001  131.434998   93218700
2025-06-03  133.169998  135.279999  130.100006  133.070007   91297700
2025-06-04  130.009995  132.949997  125.580002  132.800003   97306300
2025-06-05  119.910004  132.850006  118.930000  129.270004  131055900
2025-06-06  127.720001  128.130005  121.919998  123.730003   87175100
2025-06-09  132.059998  132.229996  124.800003  127.074997   74785600
2025-06-10  132.809998  134.070007  129.410004  131.020004   69308900
2025-06-11  136.389999  140.000000  132.990005  133.919998   97366000
2025-06-12  135.190002  137.100006  134.630005  136.399994   56248200
2025-06-13  137.399994  139.990005  133.350006  133.815002   93519000
2025-06-16  141.410004  144.860001  139.811996  140.029999   80779800
2025-06-17  138.199997  141.690002  136.080002  141.485001   70479100
2025-06-18  139.960007  140.360001  137.490005  139.039993   58260200
2025-06-20  137.300003  142.240005  136.742004  140.690002   87067000
2025-06-23  139.919998  142.149994  135.960007  138.899994   70501100
2025-06-24  143.229996  143.660004  137.800003  140.979996   58574200
2025-06-25  142.899994  147.669998  141.529999  144.490005   61435300
2025-06-26  144.250000  148.214996  142.910004  144.850006   69440500
2025-06-27  130.740005  144.970001  130.539993  144.869995  202598600
2025-06-30  136.320007  138.875000  134.800003  137.789993   97305600
2025-07-01  130.679993  136.320007  128.509995  135.270004   91479700
2025-07-02  132.119995  133.600006  130.190002  131.470001   59732000
2025-07-03  134.360001  135.619995  132.509995  134.360001   41812500
2025-07-07  139.119995  139.289993  132.320007  134.380005   71959700
2025-07-08  139.710007  139.854996  135.789993  138.774994   59834800
2025-07-09  143.130005  143.169998  137.389999  139.654999   68494800
2025-07-10  142.500000  145.160004  139.529999  143.309998   64383900
2025-07-11  142.100006  144.580002  141.470001  142.110001   52134800
2025-07-14  149.149994  149.574997  142.220001  142.720001   81774400
2025-07-15  148.580002  150.619995  147.360001  148.929993   59126200
2025-07-16  150.910004  151.509995  147.673996  149.300003   57550300
2025-07-17  153.990005  155.679993  150.820007  151.559998   60165500
2025-07-18  153.520004  154.919998  151.899994  154.860001   45771600
2025-07-21  151.789993  155.440002  151.360001  153.880005   45072800
2025-07-22  149.070007  151.789993  145.061996  150.850006   49880800
2025-07-23  154.630005  155.000000  148.287003  149.740005   48062000
2025-07-24  154.860001  155.630005  152.574997  153.979996   38925700
2025-07-25  158.800003  160.389999  155.580002  155.630005   57972300
2025-07-28  157.880005  160.279999  153.039993  159.880005   63886900
2025-07-29  156.240005  160.139999  154.910004  158.714996   42427200
2025-07-30  158.610001  159.380005  156.559998  157.365005   40261700
2025-07-31  158.350006  160.889999  156.729996  159.990005   45342600
2025-08-01  154.270004  158.190002  151.057999  155.050003   61287000
2025-08-04  160.660004  161.399994  157.929993  158.529999   82993600
2025-08-05  173.270004  176.330002  169.220001  171.809998  130917500
2025-08-06  179.539993  180.580994  171.009995  171.175003   82924800
2025-08-07  182.199997  184.479996  178.169998  181.009995   77829200
2025-08-08  186.960007  187.990005  184.410004  184.735001   62657900
2025-08-11  182.679993  187.179993  181.919998  186.470001   56125600
2025-08-12  186.970001  190.000000  182.100006  184.699997   54819000
2025-08-13  184.369995  189.460007  183.589996  189.000000   53610000
2025-08-14  181.020004  185.330002  179.199997  182.410004   53472900
2025-08-15  177.169998  180.000000  173.380005  179.725006   60288700
2025-08-18  174.029999  177.899994  171.389999  175.270004   62656600
2025-08-19  157.750000  172.300003  156.899994  171.360001  137922700
2025-08-20  156.009995  156.460007  142.339996  152.300003  220336400
2025-08-21  156.179993  157.970001  153.809998  157.169998   94678600
2025-08-22  158.740005  163.199997  151.770004  155.315002  102099200
2025-08-25  157.169998  158.589996  149.369995  156.100006   86879800
2025-08-26  160.869995  162.130005  154.570007  155.389999   86573700
2025-08-27  156.720001  162.399994  155.979996  162.320007   76380600
2025-08-28  158.119995  158.229996  152.550003  157.630005   57885200
2025-08-29  156.710007  158.419998  153.000000  156.979996   45270500
2025-09-02  157.089996  158.389999  150.279999  151.199997   65435000
2025-09-03  154.899994  161.149994  152.710007  158.000000   66052300
2025-09-04  156.139999  157.039993  153.160004  154.865005   53292300
2025-09-05  153.110001  158.970001  148.039993  157.820007   81855900
2025-09-08  156.100006  158.300003  154.839996  154.910004   47643000
2025-09-09  162.360001  162.750000  156.369995  157.250000   61359500
2025-09-10  166.740005  169.000000  163.440002  166.000000   62211400
2025-09-11  164.360001  167.457993  163.220001  167.240005   42025500
2025-09-12  171.429993  171.529999  164.009995  165.350006   54498500
2025-09-15  171.210007  171.800003  167.410004  169.600006   45396100
2025-09-16  170.259995  171.309998  168.960007  171.039993   34598700
2025-09-17  168.330002  169.679993  161.270004  169.020004   69255500
2025-09-18  176.970001  178.800003  169.389999  170.270004   70768600
2025-09-19  182.389999  184.419998  176.710007  177.070007  109129900
2025-09-22  179.330002  182.250000  178.289993  180.880005   45916700
2025-09-23  182.550003  185.750000  177.009995  182.509995   62354800
2025-09-24  179.559998  184.850006  177.119995  183.910004   45379700
2025-09-25  179.119995  184.320007  174.289993  175.800003   72321200
2025-09-26  177.570007  180.119995  174.910004  179.050003   44275800
2025-09-29  178.860001  181.479996  177.160004  179.639999   38413800
2025-09-30  182.419998  182.770004  178.220001  178.979996   43561700
2025-10-01  184.949997  186.279999  179.500000  181.320007   45717300
2025-10-02  187.050003  188.199997  182.949997  186.699997   39849200
2025-10-03  173.070007  186.839996  170.770004  186.399994  105533400
2025-10-06  179.529999  182.949997  177.830002  179.179993   52504200
2025-10-07  182.169998  186.179993  179.419998  180.309998   58179300
2025-10-08  183.559998  184.259995  181.199997  182.800003   36299700
2025-10-09  185.470001  187.619995  179.949997  183.580002   45050300
2025-10-10  175.440002  187.100006  173.529999  185.169998   55194000
2025-10-13  177.210007  179.220001  173.449997  178.679993   41332400
2025-10-14  179.740005  182.339996  170.820007  176.000000   49261400
2025-10-15  179.619995  184.350006  176.020004  181.654999   37372100
2025-10-16  178.119995  184.820007  176.449997  181.779999   42870900
2025-10-17  178.149994  181.589996  173.949997  177.750000   43421500
2025-10-20  181.589996  183.089996  177.440002  179.490005   31975800
2025-10-21  181.509995  182.389008  178.649994  182.059998   27528100
2025-10-22  175.490005  182.210007  169.419998  181.929993   58263100
2025-10-23  180.479996  181.559998  175.009995  175.445007   35812300
2025-10-24  184.630005  186.169998  182.850006  182.880005   34813500
2025-10-27  189.179993  192.830002  187.520004  188.970001   47153100
2025-10-28  189.600006  191.779999  186.779999  189.479996   38201000
2025-10-29  198.809998  199.850006  190.490005  191.080002   65537300
2025-10-30  194.550003  199.669998  194.119995  198.425003   43541700
2025-10-31  200.470001  204.179993  197.919998  199.199997   52697600
2025-11-03  207.179993  207.520004  201.820007  205.044998   81016800
2025-11-04  190.740005  195.699997  185.559998  192.070007  121380900
2025-11-05  187.899994  190.320007  181.210007  189.000000   76121000
2025-11-06  175.050003  191.089996  174.529999  187.990005   78468600
2025-11-07  177.929993  178.699997  168.910004  173.149994   73989700
2025-11-10  193.610001  194.929993  183.520004  184.309998   87764200
2025-11-11  190.960007  192.925003  187.130005  190.335007   49819700
2025-11-12  184.169998  190.580002  180.399994  190.580002   55347100
2025-11-13  172.139999  182.699997  170.731003  181.714996   63188800
2025-11-14  174.009995  177.289993  164.500000  166.975006   62596800
2025-11-17  171.250000  174.240005  167.679993  170.529999   50339000
2025-11-18  167.330002  172.830002  165.500000  168.369995   53710100
2025-11-19  165.419998  169.600006  162.419998  167.800003   46108200
2025-11-20  155.744995  174.570007  154.395004  172.070007   78443900
2025-11-21  154.850006  158.110001  147.559998  156.009995   71346400
2025-11-24  162.250000  165.169998  157.000000  157.470001   57877800
2025-11-25  163.550003  164.649994  156.554993  160.070007   36523500
2025-11-26  165.770004  168.339005  163.880005  166.850006   34610500
2025-11-28  168.449997  168.800003  165.875000  167.759995   17199500
2025-12-01  167.490005  169.100006  163.119995  165.000000   27779600
2025-12-02  170.690002  175.750000  169.589996  169.589996   35368000
2025-12-03  176.080002  177.910004  168.830002  170.139999   30541600
2025-12-04  177.919998  178.440002  174.429993  176.365005   29217800
2025-12-05  181.759995  182.153000  177.160004  178.229996   32079300
2025-12-08  181.490005  183.880005  179.539993  182.210007   30456700
2025-12-09  181.839996  182.850006  180.380005  180.970001   18937600
2025-12-10  187.910004  190.389999  182.750000  184.949997   59398000
2025-12-11  187.539993  188.050003  180.210007  184.800003   36843200
2025-12-12  183.570007  186.524994  177.667007  185.809998   42427400
2025-12-15  183.250000  187.779999  180.029999  185.080002   32796100
2025-12-16  187.750000  188.500000  181.141998  181.654999   42070300
2025-12-17  177.289993  187.750000  176.500000  187.714996   50424700
2025-12-18  185.690002  187.330002  181.509995  181.509995   40221500
2025-12-19  193.380005  195.000000  186.729996  186.740005   76929400
2025-12-22  193.979996  198.880005  192.429993  195.039993   36686000
2025-12-23  194.130005  195.369995  191.735001  192.824997   24041000
2025-12-24  194.169998  195.169998  192.830002  193.160004   11710100
2025-12-26  188.710007  196.350006  188.619995  195.014999   26262000
2025-12-29  184.179993  187.199997  183.639999  186.850006   28242000
2025-12-30  180.839996  184.729004  180.699997  184.350006   23336300
2025-12-31  177.750000  181.529999  177.250000  181.130005   22997400
2026-01-02  167.860001  181.350006  166.350006  181.300003   60634100
2026-01-05  174.039993  175.820007  171.789993  174.880005   39511700
2026-01-06  179.710007  180.190002  174.770004  175.759995   34838600
2026-01-07  181.679993  187.279999  177.660004  179.800003   45349000
2026-01-08  176.860001  185.660004  174.369995  185.615005   47304300
2026-01-09  177.490005  178.720001  174.750000  177.020004   31286900
--------------------------------
